  0.00
  0.00
  0.00
1247.26
1247.26
1247.26
1246.39
1246.39
1245.53
1245.53
1244.66
1243.79
1242.93
1242.06
1241.19
1240.33
1239.46
1238.59
1237.72
1236.86
1235.99
1235.12
1234.26
1233.39
1232.52
1231.66
1230.79
1229.92
1229.06
1228.19
1227.32
1226.46
1225.59
1224.72
1223.86
1222.99
1222.12
1221.26
1220.39
1219.52
1218.66
1217.79
1216.92
1216.06
1215.19
1214.32
1213.46
1213.46
1212.59
1211.72
1210.86
1209.99
1209.12
1208.26
1207.39
1206.52
1205.65
1204.79
1203.92
1203.05
1202.19
1201.32
1200.45
1199.59
1198.72
1197.85
1196.99
1196.12
1195.25
1194.39
1193.52
1192.65
1191.79
1190.92
1190.05
1189.19
1188.32
1187.45
1186.59
1185.72
1184.85
1183.99
1183.12
1182.25
1181.39
1180.52
1179.65
1178.79
1177.92
1177.05
1176.19
1175.32
1174.45
1173.59
1172.72
1171.85
1170.98
1170.12
1169.25
1168.38
1167.52
1166.65
1165.78
1164.92
1164.05
1163.18
1162.32
1161.45
1160.58
1159.72
1158.85
1157.98
1157.12
1156.25
1155.38
1154.52
1153.65
1152.78
1151.92
1151.05
1150.18
1149.32
1148.45
1147.58
1146.72
1145.85
1144.98
1144.12
1144.12
1143.25
1143.25
1142.38
1141.52
1140.65
1139.78
1138.91
1138.05
1137.18
1136.31
1135.45
1134.58
1133.71
1132.85
1131.98
1131.11
1130.25
1129.38
1128.51
1127.65
1126.78
1126.78
1125.91
1125.05
1124.18
1123.31
1122.45
1121.58
1120.71
1119.85
1119.85
1118.98
1118.11
1117.25
1116.38
1115.51
1114.65
1113.78
1112.91
1112.05
1111.18
1110.31
1109.45
1109.45
1108.58
1108.58
1107.71
1106.85
1105.98
1105.11
1104.24
1103.38
1102.51
1101.64
1100.78
1099.91
1099.04
1098.18
1097.31
1096.44
1095.58
1094.71
1093.84
1092.98
1092.11
1092.11
1091.24
1090.38
1089.51
1088.64
1087.78
1086.91
1086.04
1085.18
1084.31
1084.31
1083.44
1082.58
1081.71
1080.84
1079.98
1079.11
1078.24
1077.38
1077.38
1076.51
1075.64
1074.78
1074.78
1073.91
1073.91
1073.04
1073.04
1072.17
1071.31
1071.31
1070.44
1070.44
1069.57
1068.71
1067.84
1066.97
1066.11
1065.24
1064.37
1063.51
1062.64
1061.77
1060.91
1060.91
1060.04
1059.17
1058.31
1057.44
1056.57
1055.71
1054.84
1053.97
1053.11
1052.24
1051.37
1050.51
1049.64
1048.77
1047.91
1047.04
1046.17
1045.31
1044.44
1043.57
1042.71
1041.84
1040.97
1040.10
1039.24
1038.37
1037.50
1036.64
1035.77
1034.90
1034.04
1033.17
1032.30
1031.44
1030.57
1029.70
1028.84
1027.97
1027.10
1026.24
1025.37
1024.50
1023.64
1022.77
1021.90
1021.04
1020.17
1019.30
1018.44
1017.57
1016.70
1015.84
1014.97
1014.10
1013.24
1012.37
1011.50
1010.64
1009.77
1008.90
1008.04
1007.17
1006.30
1005.43
1004.57
1003.70
1002.83
1001.97
1001.10
1000.23
999.37
998.50
997.63
996.77
995.90
995.03
994.17
993.30
992.43
991.57
990.70
989.83
988.97
988.10
987.23
986.37
985.50
984.63
983.77
982.90
982.03
981.17
980.30
979.43
978.57
977.70
976.83
975.97
975.10
974.23
973.36
972.50
971.63
970.76
969.90
969.03
968.16
967.30
966.43
965.56
964.70
963.83
962.96
962.10
961.23
960.36
959.50
958.63
957.76
956.90
956.03
955.16
954.30
953.43
952.56
951.70
950.83
949.96
949.10
948.23
947.36
946.50
945.63
944.76
943.90
943.03
942.16
941.29
940.43
939.56
938.69
937.83
937.83
937.83
936.96
936.09
935.23
934.36
933.49
932.63
931.76
930.89
930.03
930.03
930.03
929.16
928.29
927.43
926.56
925.69
924.83
924.83
923.96
923.09
922.23
921.36
920.49
919.63
918.76
918.76
918.76
917.89
917.03
916.16
915.29
914.43
913.56
912.69
911.83
910.96
910.09
909.23
908.36
907.49
906.62
905.76
904.89
904.02
903.16
902.29
902.29
901.42
901.42
900.56
900.56
899.69
899.69
898.82
898.82
897.96
897.96
897.09
897.09
896.22
896.22
895.36
895.36
894.49
894.49
893.62
893.62
892.76
891.89
891.02
891.02
890.16
889.29
888.42
887.56
886.69
886.69
885.82
885.82
884.96
884.09
883.22
882.36
881.49
880.62
879.76
878.89
878.02
877.16
876.29
875.42
875.42
875.42
874.55
874.55
873.69
873.69
872.82
872.82
871.95
871.09
870.22
869.35
868.49
867.62
866.75
865.89
865.02
864.15
863.29
862.42
861.55
860.69
859.82
858.95
858.09
857.22
856.35
855.49
854.62
853.75
852.89
852.02
851.15
850.29
849.42
848.55
847.69
846.82
845.95
845.09
844.22
843.35
842.49
841.62
840.75
839.88
839.02
838.15
837.28
836.42
835.55
834.68
833.82
832.95
832.08
831.22
830.35
829.48
828.62
827.75
826.88
826.02
825.15
824.28
823.42
822.55
821.68
820.82
819.95
819.08
818.22
818.22
818.22
817.35
817.35
816.48
816.48
815.62
814.75
813.88
813.02
813.02
813.02
812.15
812.15
812.15
811.28
810.42
809.55
808.68
807.81
806.95
806.08
805.21
804.35
803.48
803.48
802.61
802.61
801.75
800.88
800.88
800.88
800.01
799.15
798.28
798.28
798.28
797.41
796.55
795.68
794.81
793.95
793.08
792.21
791.35
790.48
790.48
789.61
788.75
787.88
787.88
787.01
786.15
785.28
784.41
783.55
782.68
781.81
781.81
781.81
780.95
780.08
779.21
779.21
779.21
778.35
777.48
776.61
776.61
775.74
775.74
774.88
774.88
774.01
773.14
772.28
771.41
770.54
769.68
769.68
769.68
768.81
767.94
767.94
767.08
767.08
766.21
766.21
765.34
765.34
764.48
764.48
763.61
763.61
762.74
762.74
761.88
761.88
761.01
760.14
759.28
758.41
757.54
756.68
755.81
754.94
754.08
753.21
752.34
751.48
750.61
749.74
748.88
748.01
747.14
746.28
745.41
744.54
743.68
742.81
741.94
741.07
740.21
739.34
738.47
737.61
736.74
735.87
735.01
734.14
733.27
732.41
731.54
730.67
729.81
728.94
728.07
728.07
727.21
726.34
725.47
724.61
723.74
722.87
722.01
721.14
720.27
719.41
718.54
717.67
716.81
715.94
715.07
714.21
713.34
712.47
711.61
710.74
709.87
709.00
708.14
707.27
706.40
705.54
704.67
703.80
702.94
702.07
701.20
700.34
699.47
698.60
697.74
696.87
696.00
695.14
694.27
693.40
693.40
692.54
691.67
690.80
689.94
689.07
688.20
687.34
686.47
685.60
684.74
683.87
683.00
682.14
681.27
680.40
679.54
678.67
677.80
676.93
676.07
676.07
675.20
674.33
673.47
672.60
671.73
670.87
670.00
669.13
668.27
667.40
666.53
665.67
664.80
663.93
663.07
662.20
661.33
660.47
659.60
658.73
658.73
657.87
657.00
656.13
655.27
654.40
653.53
652.67
651.80
650.93
650.07
649.20
648.33
647.47
646.60
645.73
644.87
644.00
643.13
642.26
641.40
641.40
640.53
639.66
639.66
639.66
638.80
638.80
637.93
637.93
637.06
636.20
635.33
634.46
633.60
632.73
631.86
631.86
631.86
631.00
631.00
630.13
629.26
628.40
627.53
626.66
625.80
624.93
624.06
624.06
  0.00
  0.00
  0.00
  0.00
  0.00
  0.00
  0.00
  0.00
  0.00
  0.00
  0.00
  0.00
  0.00
  0.00
  0.00
  0.00
  0.00
  0.00
  0.00
  0.00
  0.00
  0.00
  0.00
  0.00
  0.00
  0.00
  0.00
  0.00
  0.00
  0.00
  0.00
  0.00
  0.00
  0.00
  0.00
  0.00
  0.00
  0.00
  0.00
  0.00
  0.00
  0.00
  0.00
  0.00
  0.00
  0.00
  0.00
  0.00
  0.00
  0.00
  0.00
  0.00
  0.00
  0.00
  0.00
  0.00
  0.00
  0.00
  0.00
  0.00
  0.00
  0.00
  0.00
  0.00
  0.00
  0.00
  0.00
  0.00
  0.00
  0.00
  0.00
  0.00
  0.00
  0.00
  0.00
  0.00
  0.00
  0.00
  0.00
  0.00
  0.00
  0.00
  0.00
  0.00
  0.00
  0.00
  0.00
  0.00
  0.00
  0.00
  0.00
  0.00
  0.00
  0.00
  0.00
  0.00
  0.00
  0.00
  0.00
  0.00
  0.00
  0.00
  0.00
  0.00
  0.00
  0.00
  0.00
  0.00
  0.00
  0.00
  0.00
  0.00
  0.00
  0.00
  0.00
  0.00
  0.00
  0.00
  0.00
  0.00
  0.00
  0.00
  0.00
  0.00
  0.00
  0.00
  0.00
  0.00
  0.00
  0.00
  0.00
  0.00
  0.00
  0.00
  0.00
  0.00
  0.00
  0.00
  0.00
  0.00
  0.00
  0.00
  0.00
  0.00
  0.00
  0.00
  0.00
  0.00
  0.00
  0.00
  0.00
  0.00
  0.00
  0.00
  0.00
  0.00
  0.00
  0.00
  0.00
  0.00
  0.00
  0.00
  0.00
  0.00
  0.00
  0.00
  0.00
  0.00
  0.00
  0.00
  0.00
  0.00
  0.00
  0.00
  0.00
  0.00
  0.00
  0.00
  0.00
  0.00
  0.00
  0.00
  0.00
  0.00
  0.00
  0.00
  0.00
  0.00
  0.00
  0.00
  0.00
  0.00
  0.00
  0.00
  0.00
  0.00
  0.00
  0.00
  0.00
  0.00
  0.00
  0.00
  0.00
  0.00
  0.00
  0.00
  0.00
  0.00
  0.00
  0.00
  0.00
  0.00
  0.00
  0.00
  0.00
  0.00
  0.00
  0.00
  0.00
  0.00
  0.00
  0.00
  0.00
  0.00
  0.00
  0.00
  0.00
  0.00
  0.00
  0.00
  0.00
  0.00
  0.00
  0.00
  0.00
  0.00
  0.00
  0.00
  0.00
  0.00
  0.00
  0.00
  0.00
  0.00
  0.00
  0.00
  0.00
  0.00
  0.00
  0.00
  0.00
  0.00
  0.00
  0.00
  0.00
  0.00
  0.00
  0.00
  0.00
  0.00
  0.00
  0.00
  0.00
  0.00
  0.00
  0.00
  0.00
  0.00
  0.00
  0.00
  0.00
  0.00
  0.00
  0.00
  0.00
  0.00
  0.00
  0.00
  0.00
  0.00
  0.00
  0.00
  0.00
  0.00
  0.00
  0.00
  0.00
  0.00
  0.00
  0.00
  0.00
  0.00
  0.00
  0.00
  0.00
  0.00
  0.00
  0.00
  0.00
  0.00
  0.00
  0.00
  0.00
  0.00
  0.00
  0.00
  0.00
  0.00
  0.00
  0.00
  0.00
  0.00
  0.00
  0.00
  0.00
  0.00
  0.00
  0.00
  0.00
  0.00
  0.00
  0.00
  0.00
  0.00
  0.00
  0.00
  0.00
  0.00
  0.00
  0.00
  0.00
  0.00
  0.00
  0.00
  0.00
  0.00
  0.00
  0.00
  0.00
  0.00
  0.00
  0.00
  0.00
  0.00
  0.00
  0.00
  0.00
  0.00
  0.00
  0.00
  0.00
  0.00
  0.00
  0.00
  0.00
  0.00
  0.00
  0.00
  0.00
  0.00
  0.00
  0.00
  0.00
  0.00
  0.00
  0.00
  0.00
  0.00
  0.00
  0.00
  0.00
  0.00
  0.00
  0.00
  0.00
  0.00
  0.00
  0.00
  0.00
  0.00
  0.00
  0.00
  0.00
  0.00
  0.00
  0.00
  0.00
  0.00
  0.00
  0.00
  0.00
  0.00
  0.00
  0.00
  0.00
  0.00
  0.00
  0.00
  0.00
  0.00
  0.00
  0.00
  0.00
  0.00
  0.00
  0.00
  0.00
  0.00
  0.00
  0.00
  0.00
  0.00
  0.00
  0.00
  0.00
  0.00
  0.00
  0.00
  0.00
  0.00
  0.00
  0.00
  0.00
  0.00
  0.00
  0.00
  0.00
  0.00
  0.00
  0.00
  0.00
  0.00
  0.00
  0.00
  0.00
  0.00
  0.00
  0.00
  0.00
  0.00
  0.00
  0.00
  0.00
  0.00
  0.00
  0.00
  0.00
  0.00
  0.00
  0.00
  0.00
  0.00
  0.00
  0.00
  0.00
  0.00
  0.00
  0.00
  0.00
  0.00
  0.00
  0.00
  0.00
  0.00
  0.00
  0.00
  0.00
  0.00
  0.00
  0.00
  0.00
  0.00
  0.00
  0.00
  0.00
  0.00
  0.00
  0.00
  0.00
  0.00
  0.00
  0.00
  0.00
  0.00
  0.00
  0.00
  0.00
  0.00
  0.00
  0.00
  0.00
  0.00
  0.00
  0.00
  0.00
  0.00
  0.00
  0.00
  0.00
  0.00
  0.00
  0.00
  0.00
  0.00
  0.00
  0.00
  0.00
  0.00
  0.00
  0.00
  0.00
  0.00
  0.00
  0.00
  0.00
  0.00
  0.00
  0.00
  0.00
  0.00
  0.00
  0.00
  0.00
  0.00
  0.00
  0.00
  0.00
  0.00
  0.00
  0.00
  0.00
  0.00
  0.00
  0.00
  0.00
  0.00
  0.00
  0.00
  0.00
  0.00
  0.00
  0.00
  0.00
  0.00
  0.00
  0.00
  0.00
  0.00
  0.00
  0.00
  0.00
  0.00
  0.00
  0.00
  0.00
  0.00
  0.00
  0.00
  0.00
  0.00
  0.00
  0.00
  0.00
  0.00
  0.00
  0.00
  0.00
  0.00
  0.00
  0.00
  0.00
  0.00
  0.00
  0.00
  0.00
  0.00
  0.00
  0.00
  0.00
  0.00
  0.00
  0.00
  0.00
  0.00
  0.00
  0.00
  0.00
  0.00
  0.00
  0.00
  0.00
  0.00
  0.00
  0.00
  0.00
  0.00
  0.00
  0.00
  0.00
  0.00
  0.00
  0.00
  0.00
  0.00
  0.00
  0.00
  0.00
  0.00
  0.00
  0.00
  0.00
  0.00
  0.00
  0.00
  0.00
  0.00
  0.00
  0.00
  0.00
  0.00
  0.00
  0.00
  0.00
  0.00
  0.00
  0.00
  0.00
  0.00
  0.00
  0.00
  0.00
  0.00
  0.00
  0.00
  0.00
  0.00
  0.00
  0.00
  0.00
  0.00
  0.00
  0.00
  0.00
  0.00
  0.00
  0.00
  0.00
  0.00
  0.00
  0.00
  0.00
  0.00
  0.00
  0.00
  0.00
  0.00
  0.00
  0.00
  0.00
  0.00
  0.00
  0.00
  0.00
  0.00
  0.00
  0.00
  0.00
  0.00
  0.00
  0.00
  0.00
  0.00
  0.00
  0.00
  0.00
  0.00
  0.00
  0.00
  0.00
  0.00
  0.00
  0.00
  0.00
  0.00
  0.00
  0.00
  0.00
  0.00
  0.00
  0.00
  0.00
  0.00
  0.00
  0.00
  0.00
  0.00
  0.00
  0.00
  0.00
  0.00
  0.00
  0.00
  0.00
  0.00
  0.00
  0.00
  0.00
  0.00
  0.00
  0.00
  0.00
  0.00
  0.00
  0.00
  0.00
  0.00
  0.00
  0.00
  0.00
  0.00
  0.00
  0.00
  0.00
  0.00
  0.00
  0.00
  0.00
  0.00
  0.00
  0.00
  0.00
  0.00
  0.00
  0.00
  0.00
  0.00
  0.00
  0.00
  0.00
  0.00
  0.00
  0.00
  0.00
  0.00
  0.00
  0.00
  0.00
  0.00
  0.00
  0.00
  0.00
  0.00
  0.00
  0.00
  0.00
  0.00
  0.00
  0.00
  0.00
  0.00
  0.00
  0.00
  0.00
  0.00
  0.00
  0.00
  0.00
  0.00
  0.00
  0.00
  0.00
  0.00
  0.00
  0.00
  0.00
  0.00
  0.00
  0.00
  0.00
  0.00
  0.00
  0.00
  0.00
  0.00
  0.00
  0.00
  0.00
  0.00
  0.00
  0.00
  0.00
  0.00
  0.00
  0.00
  0.00
  0.00
  0.00
  0.00
  0.00
  0.00
  0.00
  0.00
  0.00
  0.00
  0.00
  0.00
  0.00
  0.00
  0.00
  0.00
  0.00
  0.00
  0.00
  0.00
  0.00
  0.00
  0.00
  0.00
  0.00
  0.00
  0.00
  0.00
  0.00
  0.00
  0.00
  0.00
  0.00
  0.00
  0.00
  0.00
  0.00
  0.00
  0.00
  0.00
  0.00
  0.00
  0.00
  0.00
  0.00
  0.00
  0.00
  0.00
  0.00
  0.00
  0.00
  0.00
  0.00
  0.00
  0.00
  0.00
  0.00
  0.00
  0.00
  0.00
  0.00
  0.00
  0.00
  0.00
  0.00
  0.00
1247.26
1247.26
1247.26
1246.39
1246.39
1245.53
1245.53
1244.66
1243.79
1242.93
1242.06
1241.19
1240.33
1239.46
1238.59
1237.72
1236.86
1235.99
1235.12
1234.26
1233.39
1232.52
1231.66
1230.79
1229.92
1229.06
1228.19
1227.32
1226.46
1225.59
1224.72
1223.86
1222.99
1222.12
1221.26
1220.39
1219.52
1218.66
1217.79
1216.92
1216.06
1215.19
1214.32
1213.46
1213.46
1212.59
1211.72
1210.86
1209.99
1209.12
1208.26
1207.39
1206.52
1205.65
1204.79
1203.92
1203.05
1202.19
1201.32
1200.45
1199.59
1198.72
1197.85
1196.99
1196.12
1195.25
1194.39
1193.52
1192.65
1191.79
1190.92
1190.05
1189.19
1188.32
1187.45
1186.59
1185.72
1184.85
1183.99
1183.12
1182.25
1181.39
1180.52
1179.65
1178.79
1177.92
1177.05
1176.19
1175.32
1174.45
1173.59
1172.72
1171.85
1170.98
1170.12
1169.25
1168.38
1167.52
1166.65
1165.78
1164.92
1164.05
1163.18
1162.32
1161.45
1160.58
1159.72
1158.85
1157.98
1157.12
1156.25
1155.38
1154.52
1153.65
1152.78
1151.92
1151.05
1150.18
1149.32
1148.45
1147.58
1146.72
1145.85
1144.98
1144.12
1144.12
1143.25
1143.25
1142.38
1141.52
1140.65
1139.78
1138.91
1138.05
1137.18
1136.31
1135.45
1134.58
1133.71
1132.85
1131.98
1131.11
1130.25
1129.38
1128.51
1127.65
1126.78
1126.78
1125.91
1125.05
1124.18
1123.31
1122.45
1121.58
1120.71
1119.85
1119.85
1118.98
1118.11
1117.25
1116.38
1115.51
1114.65
1113.78
1112.91
1112.05
1111.18
1110.31
1109.45
1109.45
1108.58
1108.58
1107.71
1106.85
1105.98
1105.11
1104.24
1103.38
1102.51
1101.64
1100.78
1099.91
1099.04
1098.18
1097.31
1096.44
1095.58
1094.71
1093.84
1092.98
1092.11
1092.11
1091.24
1090.38
1089.51
1088.64
1087.78
1086.91
1086.04
1085.18
1084.31
1084.31
1083.44
1082.58
1081.71
1080.84
1079.98
1079.11
1078.24
1077.38
1077.38
1076.51
1075.64
1074.78
1074.78
1073.91
1073.91
1073.04
1073.04
1072.17
1071.31
1071.31
1070.44
1070.44
1069.57
1068.71
1067.84
1066.97
1066.11
1065.24
1064.37
1063.51
1062.64
1061.77
1060.91
1060.91
1060.04
1059.17
1058.31
1057.44
1056.57
1055.71
1054.84
1053.97
1053.11
1052.24
1051.37
1050.51
1049.64
1048.77
1047.91
1047.04
1046.17
1045.31
1044.44
1043.57
1042.71
1041.84
1040.97
1040.10
1039.24
1038.37
1037.50
1036.64
1035.77
1034.90
1034.04
1033.17
1032.30
1031.44
1030.57
1029.70
1028.84
1027.97
1027.10
1026.24
1025.37
1024.50
1023.64
1022.77
1021.90
1021.04
1020.17
1019.30
1018.44
1017.57
1016.70
1015.84
1014.97
1014.10
1013.24
1012.37
1011.50
1010.64
1009.77
1008.90
1008.04
1007.17
1006.30
1005.43
1004.57
1003.70
1002.83
1001.97
1001.10
1000.23
999.37
998.50
997.63
996.77
995.90
995.03
994.17
993.30
992.43
991.57
990.70
989.83
988.97
988.10
987.23
986.37
985.50
984.63
983.77
982.90
982.03
981.17
980.30
979.43
978.57
977.70
976.83
975.97
975.10
974.23
973.36
972.50
971.63
970.76
969.90
969.03
968.16
967.30
966.43
965.56
964.70
963.83
962.96
962.10
961.23
960.36
959.50
958.63
957.76
956.90
956.03
955.16
954.30
953.43
952.56
951.70
950.83
949.96
949.10
948.23
947.36
946.50
945.63
944.76
943.90
943.03
942.16
941.29
940.43
939.56
938.69
937.83
937.83
937.83
936.96
936.09
935.23
934.36
933.49
932.63
931.76
930.89
930.03
930.03
930.03
929.16
928.29
927.43
926.56
925.69
924.83
924.83
923.96
923.09
922.23
921.36
920.49
919.63
918.76
918.76
918.76
917.89
917.03
916.16
915.29
914.43
913.56
912.69
911.83
910.96
910.09
909.23
908.36
907.49
906.62
905.76
904.89
904.02
903.16
902.29
902.29
901.42
901.42
900.56
900.56
899.69
899.69
898.82
898.82
897.96
897.96
897.09
897.09
896.22
896.22
895.36
895.36
894.49
894.49
893.62
893.62
892.76
891.89
891.02
891.02
890.16
889.29
888.42
887.56
886.69
886.69
885.82
885.82
884.96
884.09
883.22
882.36
881.49
880.62
879.76
878.89
878.02
877.16
876.29
875.42
875.42
875.42
874.55
874.55
873.69
873.69
872.82
872.82
871.95
871.09
870.22
869.35
868.49
867.62
866.75
865.89
865.02
864.15
863.29
862.42
861.55
860.69
859.82
858.95
858.09
857.22
856.35
855.49
854.62
853.75
852.89
852.02
851.15
850.29
849.42
848.55
847.69
846.82
845.95
845.09
844.22
843.35
842.49
841.62
840.75
839.88
839.02
838.15
837.28
836.42
835.55
834.68
833.82
832.95
832.08
831.22
830.35
829.48
828.62
827.75
826.88
826.02
825.15
824.28
823.42
822.55
821.68
820.82
819.95
819.08
818.22
818.22
818.22
817.35
817.35
816.48
816.48
815.62
814.75
813.88
813.02
813.02
813.02
812.15
812.15
812.15
811.28
810.42
809.55
808.68
807.81
806.95
806.08
805.21
804.35
803.48
803.48
802.61
802.61
801.75
800.88
800.88
800.88
800.01
799.15
798.28
798.28
798.28
797.41
796.55
795.68
794.81
793.95
793.08
792.21
791.35
790.48
790.48
789.61
788.75
787.88
787.88
787.01
786.15
785.28
784.41
783.55
782.68
781.81
781.81
781.81
780.95
780.08
779.21
779.21
779.21
778.35
777.48
776.61
776.61
775.74
775.74
774.88
774.88
774.01
773.14
772.28
771.41
770.54
769.68
769.68
769.68
768.81
767.94
767.94
767.08
767.08
766.21
766.21
765.34
765.34
764.48
764.48
763.61
763.61
762.74
762.74
761.88
761.88
761.01
760.14
759.28
758.41
757.54
756.68
755.81
754.94
754.08
753.21
752.34
751.48
750.61
749.74
748.88
748.01
747.14
746.28
745.41
744.54
743.68
742.81
741.94
741.07
740.21
739.34
738.47
737.61
736.74
735.87
735.01
734.14
733.27
732.41
731.54
730.67
729.81
728.94
728.07
728.07
727.21
726.34
725.47
724.61
723.74
722.87
722.01
721.14
720.27
719.41
718.54
717.67
716.81
715.94
715.07
714.21
713.34
712.47
711.61
710.74
709.87
709.00
708.14
707.27
706.40
705.54
704.67
703.80
702.94
702.07
701.20
700.34
699.47
698.60
697.74
696.87
696.00
695.14
694.27
693.40
693.40
692.54
691.67
690.80
689.94
689.07
688.20
687.34
686.47
685.60
684.74
683.87
683.00
682.14
681.27
680.40
679.54
678.67
677.80
676.93
676.07
676.07
675.20
674.33
673.47
672.60
671.73
670.87
670.00
669.13
668.27
667.40
666.53
665.67
664.80
663.93
663.07
662.20
661.33
660.47
659.60
658.73
658.73
657.87
657.00
656.13
655.27
654.40
653.53
652.67
651.80
650.93
650.07
649.20
648.33
647.47
646.60
645.73
644.87
644.00
643.13
642.26
641.40
641.40
640.53
639.66
639.66
639.66
638.80
638.80
637.93
637.93
637.06
636.20
635.33
634.46
633.60
632.73
631.86
631.86
631.86
631.00
631.00
630.13
629.26
628.40
627.53
626.66
625.80
624.93
624.06
624.06
  0.00
  0.00
  0.00
  0.00
  0.00
  0.00
  0.00
  0.00
  0.00
  0.00
  0.00
  0.00
  0.00
  0.00
  0.00
  0.00
  0.00
  0.00
  0.00
  0.00
  0.00
  0.00
  0.00
  0.00
  0.00
  0.00
  0.00
  0.00
  0.00
  0.00
  0.00
  0.00
  0.00
  0.00
  0.00
  0.00
  0.00
  0.00
  0.00
  0.00
  0.00
  0.00
  0.00
  0.00
  0.00
  0.00
  0.00
  0.00
  0.00
  0.00
  0.00
  0.00
  0.00
  0.00
  0.00
  0.00
  0.00
  0.00
  0.00
  0.00
  0.00
  0.00
  0.00
  0.00
  0.00
  0.00
  0.00
  0.00
  0.00
  0.00
  0.00
  0.00
  0.00
  0.00
  0.00
  0.00
  0.00
  0.00
  0.00
  0.00
  0.00
  0.00
  0.00
  0.00
  0.00
  0.00
  0.00
  0.00
  0.00
  0.00
  0.00
  0.00
  0.00
  0.00
  0.00
  0.00
  0.00
  0.00
  0.00
  0.00
  0.00
  0.00
  0.00
  0.00
  0.00
  0.00
  0.00
  0.00
  0.00
  0.00
  0.00
  0.00
  0.00
  0.00
  0.00
  0.00
  0.00
  0.00
  0.00
  0.00
  0.00
  0.00
  0.00
  0.00
  0.00
  0.00
  0.00
  0.00
  0.00
  0.00
  0.00
  0.00
  0.00
  0.00
  0.00
  0.00
  0.00
  0.00
  0.00
  0.00
  0.00
  0.00
  0.00
  0.00
  0.00
  0.00
  0.00
  0.00
  0.00
  0.00
  0.00
  0.00
  0.00
  0.00
  0.00
  0.00
  0.00
  0.00
  0.00
  0.00
  0.00
  0.00
  0.00
  0.00
  0.00
  0.00
  0.00
  0.00
  0.00
  0.00
  0.00
  0.00
  0.00
  0.00
  0.00
  0.00
  0.00
  0.00
  0.00
  0.00
  0.00
  0.00
  0.00
  0.00
  0.00
  0.00
  0.00
  0.00
  0.00
  0.00
  0.00
  0.00
  0.00
  0.00
  0.00
  0.00
  0.00
  0.00
  0.00
  0.00
  0.00
  0.00
  0.00
  0.00
  0.00
  0.00
  0.00
  0.00
  0.00
  0.00
  0.00
  0.00
  0.00
  0.00
  0.00
  0.00
  0.00
  0.00
  0.00
  0.00
  0.00
  0.00
  0.00
  0.00
  0.00
  0.00
  0.00
  0.00
  0.00
  0.00
  0.00
  0.00
  0.00
  0.00
  0.00
  0.00
  0.00
  0.00
  0.00
  0.00
  0.00
  0.00
  0.00
  0.00
  0.00
  0.00
  0.00
  0.00
  0.00
  0.00
  0.00
  0.00
  0.00
  0.00
  0.00
  0.00
  0.00
  0.00
  0.00
  0.00
  0.00
  0.00
  0.00
  0.00
  0.00
  0.00
  0.00
  0.00
  0.00
  0.00
  0.00
  0.00
  0.00
  0.00
  0.00
  0.00
  0.00
  0.00
  0.00
  0.00
  0.00
  0.00
  0.00
  0.00
  0.00
  0.00
  0.00
  0.00
  0.00
  0.00
  0.00
  0.00
  0.00
  0.00
  0.00
  0.00
  0.00
  0.00
  0.00
  0.00
  0.00
  0.00
  0.00
  0.00
  0.00
  0.00
  0.00
  0.00
  0.00
  0.00
  0.00
  0.00
  0.00
  0.00
  0.00
  0.00
  0.00
  0.00
  0.00
  0.00
  0.00
  0.00
  0.00
  0.00
  0.00
  0.00
  0.00
  0.00
  0.00
  0.00
  0.00
  0.00
  0.00
  0.00
  0.00
  0.00
  0.00
  0.00
  0.00
  0.00
  0.00
  0.00
  0.00
  0.00
  0.00
  0.00
  0.00
  0.00
  0.00
  0.00
  0.00
  0.00
  0.00
  0.00
  0.00
  0.00
  0.00
  0.00
  0.00
  0.00
  0.00
  0.00
  0.00
  0.00
  0.00
  0.00
  0.00
  0.00
  0.00
  0.00
  0.00
  0.00
  0.00
  0.00
  0.00
  0.00
  0.00
  0.00
  0.00
  0.00
  0.00
  0.00
  0.00
  0.00
  0.00
  0.00
  0.00
  0.00
  0.00
  0.00
  0.00
  0.00
  0.00
  0.00
  0.00
  0.00
  0.00
  0.00
  0.00
  0.00
  0.00
  0.00
  0.00
  0.00
  0.00
  0.00
  0.00
  0.00
  0.00
  0.00
  0.00
  0.00
  0.00
  0.00
  0.00
  0.00
  0.00
  0.00
  0.00
  0.00
  0.00
  0.00
  0.00
  0.00
  0.00
  0.00
  0.00
  0.00
  0.00
  0.00
  0.00
  0.00
  0.00
  0.00
  0.00
  0.00
  0.00
  0.00
  0.00
  0.00
  0.00
  0.00
  0.00
  0.00
  0.00
  0.00
  0.00
  0.00
  0.00
  0.00
  0.00
  0.00
  0.00
  0.00
  0.00
  0.00
  0.00
  0.00
  0.00
  0.00
  0.00
  0.00
  0.00
  0.00
  0.00
  0.00
  0.00
  0.00
  0.00
  0.00
  0.00
  0.00
  0.00
  0.00
  0.00
  0.00
  0.00
  0.00
  0.00
  0.00
  0.00
  0.00
  0.00
  0.00
  0.00
  0.00
  0.00
  0.00
  0.00
  0.00
  0.00
  0.00
  0.00
  0.00
  0.00
  0.00
  0.00
  0.00
  0.00
  0.00
  0.00
  0.00
  0.00
  0.00
  0.00
  0.00
  0.00
  0.00
  0.00
  0.00
  0.00
  0.00
  0.00
  0.00
  0.00
  0.00
  0.00
  0.00
  0.00
  0.00
  0.00
  0.00
  0.00
  0.00
  0.00
  0.00
  0.00
  0.00
  0.00
  0.00
  0.00
  0.00
  0.00
  0.00
  0.00
  0.00
  0.00
  0.00
  0.00
  0.00
  0.00
  0.00
  0.00
  0.00
  0.00
  0.00
  0.00
  0.00
  0.00
  0.00
  0.00
  0.00
  0.00
  0.00
  0.00
  0.00
  0.00
  0.00
  0.00
  0.00
  0.00
  0.00
  0.00
  0.00
  0.00
  0.00
  0.00
  0.00
  0.00
  0.00
  0.00
  0.00
  0.00
  0.00
  0.00
  0.00
  0.00
  0.00
  0.00
  0.00
  0.00
  0.00
  0.00
  0.00
  0.00
  0.00
  0.00
  0.00
  0.00
  0.00
  0.00
  0.00
  0.00
  0.00
  0.00
  0.00
  0.00
  0.00
  0.00
  0.00
  0.00
  0.00
  0.00
  0.00
  0.00
  0.00
  0.00
  0.00
  0.00
  0.00
  0.00
  0.00
  0.00
  0.00
  0.00
  0.00
  0.00
  0.00
  0.00
  0.00
  0.00
  0.00
  0.00
  0.00
  0.00
  0.00
  0.00
  0.00
  0.00
  0.00
  0.00
  0.00
  0.00
  0.00
  0.00
  0.00
  0.00
  0.00
  0.00
  0.00
  0.00
  0.00
  0.00
  0.00
  0.00
  0.00
  0.00
  0.00
  0.00
  0.00
  0.00
  0.00
  0.00
  0.00
  0.00
  0.00
  0.00
  0.00
  0.00
  0.00
  0.00
  0.00
  0.00
  0.00
  0.00
  0.00
  0.00
  0.00
  0.00
  0.00
  0.00
  0.00
  0.00
  0.00
  0.00
  0.00
  0.00
  0.00
  0.00
  0.00
  0.00
  0.00
  0.00
  0.00
  0.00
  0.00
  0.00
  0.00
  0.00
  0.00
  0.00
  0.00
  0.00
  0.00
  0.00
  0.00
  0.00
  0.00
  0.00
  0.00
  0.00
  0.00
  0.00
  0.00
  0.00
  0.00
  0.00
  0.00
  0.00
  0.00
  0.00
  0.00
  0.00
  0.00
  0.00
  0.00
  0.00
  0.00
  0.00
  0.00
  0.00
  0.00
  0.00
  0.00
  0.00
  0.00
  0.00
  0.00
  0.00
  0.00
  0.00
  0.00
  0.00
  0.00
  0.00
  0.00
  0.00
  0.00
  0.00
  0.00
  0.00
  0.00
  0.00
  0.00
  0.00
  0.00
  0.00
  0.00
  0.00
  0.00
  0.00
  0.00
  0.00
  0.00
  0.00
  0.00
  0.00
  0.00
  0.00
  0.00
  0.00
  0.00
  0.00
  0.00
  0.00
  0.00
  0.00
  0.00
  0.00
  0.00
  0.00
  0.00
  0.00
  0.00
  0.00
  0.00
  0.00
  0.00
  0.00
  0.00
  0.00
  0.00
  0.00
  0.00
  0.00
  0.00
  0.00
  0.00
  0.00
  0.00
  0.00
  0.00
  0.00
  0.00
  0.00
  0.00
  0.00
  0.00
  0.00
  0.00
  0.00
  0.00
  0.00
  0.00
  0.00
  0.00
  0.00
  0.00
  0.00
  0.00
  0.00
  0.00
  0.00
  0.00
  0.00
  0.00
  0.00
  0.00
  0.00
  0.00
  0.00
  0.00
  0.00
  0.00
  0.00
  0.00
  0.00
  0.00
  0.00
  0.00
  0.00
  0.00
  0.00
  0.00
  0.00
  0.00
  0.00
  0.00
  0.00
  0.00
  0.00
  0.00
  0.00
  0.00
  0.00
  0.00
  0.00
  0.00
  0.00
  0.00
  0.00
  0.00
  0.00
  0.00
  0.00
  0.00
  0.00
  0.00
  0.00
  0.00
1247.26
1247.26
1247.26
1246.39
1246.39
1245.53
1245.53
1244.66
1243.79
1242.93
1242.06
1241.19
1240.33
1239.46
1238.59
1237.72
1236.86
1235.99
1235.12
1234.26
1233.39
1232.52
1231.66
1230.79
1229.92
1229.06
1228.19
1227.32
1226.46
1225.59
1224.72
1223.86
1222.99
1222.12
1221.26
1220.39
1219.52
1218.66
1217.79
1216.92
1216.06
1215.19
1214.32
1213.46
1213.46
1212.59
1211.72
1210.86
1209.99
1209.12
1208.26
1207.39
1206.52
1205.65
1204.79
1203.92
1203.05
1202.19
1201.32
1200.45
1199.59
1198.72
1197.85
1196.99
1196.12
1195.25
1194.39
1193.52
1192.65
1191.79
1190.92
1190.05
1189.19
1188.32
1187.45
1186.59
1185.72
1184.85
1183.99
1183.12
1182.25
1181.39
1180.52
1179.65
1178.79
1177.92
1177.05
1176.19
1175.32
1174.45
1173.59
1172.72
1171.85
1170.98
1170.12
1169.25
1168.38
1167.52
1166.65
1165.78
1164.92
1164.05
1163.18
1162.32
1161.45
1160.58
1159.72
1158.85
1157.98
1157.12
1156.25
1155.38
1154.52
1153.65
1152.78
1151.92
1151.05
1150.18
1149.32
1148.45
1147.58
1146.72
1145.85
1144.98
1144.12
1144.12
1143.25
1143.25
1142.38
1141.52
1140.65
1139.78
1138.91
1138.05
1137.18
1136.31
1135.45
1134.58
1133.71
1132.85
1131.98
1131.11
1130.25
1129.38
1128.51
1127.65
1126.78
1126.78
1125.91
1125.05
1124.18
1123.31
1122.45
1121.58
1120.71
1119.85
1119.85
1118.98
1118.11
1117.25
1116.38
1115.51
1114.65
1113.78
1112.91
1112.05
1111.18
1110.31
1109.45
1109.45
1108.58
1108.58
1107.71
1106.85
1105.98
1105.11
1104.24
1103.38
1102.51
1101.64
1100.78
1099.91
1099.04
1098.18
1097.31
1096.44
1095.58
1094.71
1093.84
1092.98
1092.11
1092.11
1091.24
1090.38
1089.51
1088.64
1087.78
1086.91
1086.04
1085.18
1084.31
1084.31
1083.44
1082.58
1081.71
1080.84
1079.98
1079.11
1078.24
1077.38
1077.38
1076.51
1075.64
1074.78
1074.78
1073.91
1073.91
1073.04
1073.04
1072.17
1071.31
1071.31
1070.44
1070.44
1069.57
1068.71
1067.84
1066.97
1066.11
1065.24
1064.37
1063.51
1062.64
1061.77
1060.91
1060.91
1060.04
1059.17
1058.31
1057.44
1056.57
1055.71
1054.84
1053.97
1053.11
1052.24
1051.37
1050.51
1049.64
1048.77
1047.91
1047.04
1046.17
1045.31
1044.44
1043.57
1042.71
1041.84
1040.97
1040.10
1039.24
1038.37
1037.50
1036.64
1035.77
1034.90
1034.04
1033.17
1032.30
1031.44
1030.57
1029.70
1028.84
1027.97
1027.10
1026.24
1025.37
1024.50
1023.64
1022.77
1021.90
1021.04
1020.17
1019.30
1018.44
1017.57
1016.70
1015.84
1014.97
1014.10
1013.24
1012.37
1011.50
1010.64
1009.77
1008.90
1008.04
1007.17
1006.30
1005.43
1004.57
1003.70
1002.83
1001.97
1001.10
1000.23
999.37
998.50
997.63
996.77
995.90
995.03
994.17
993.30
992.43
991.57
990.70
989.83
988.97
988.10
987.23
986.37
985.50
984.63
983.77
982.90
982.03
981.17
980.30
979.43
978.57
977.70
976.83
975.97
975.10
974.23
973.36
972.50
971.63
970.76
969.90
969.03
968.16
967.30
966.43
965.56
964.70
963.83
962.96
962.10
961.23
960.36
959.50
958.63
957.76
956.90
956.03
955.16
954.30
953.43
952.56
951.70
950.83
949.96
949.10
948.23
947.36
946.50
945.63
944.76
943.90
943.03
942.16
941.29
940.43
939.56
938.69
937.83
937.83
937.83
936.96
936.09
935.23
934.36
933.49
932.63
931.76
930.89
930.03
930.03
930.03
929.16
928.29
927.43
926.56
925.69
924.83
924.83
923.96
923.09
922.23
921.36
920.49
919.63
918.76
918.76
918.76
917.89
917.03
916.16
915.29
914.43
913.56
912.69
911.83
910.96
910.09
909.23
908.36
907.49
906.62
905.76
904.89
904.02
903.16
902.29
902.29
901.42
901.42
900.56
900.56
899.69
899.69
898.82
898.82
897.96
897.96
897.09
897.09
896.22
896.22
895.36
895.36
894.49
894.49
893.62
893.62
892.76
891.89
891.02
891.02
890.16
889.29
888.42
887.56
886.69
886.69
885.82
885.82
884.96
884.09
883.22
882.36
881.49
880.62
879.76
878.89
878.02
877.16
876.29
875.42
875.42
875.42
874.55
874.55
873.69
873.69
872.82
872.82
871.95
871.09
870.22
869.35
868.49
867.62
866.75
865.89
865.02
864.15
863.29
862.42
861.55
860.69
859.82
858.95
858.09
857.22
856.35
855.49
854.62
853.75
852.89
852.02
851.15
850.29
849.42
848.55
847.69
846.82
845.95
845.09
844.22
843.35
842.49
841.62
840.75
839.88
839.02
838.15
837.28
836.42
835.55
834.68
833.82
832.95
832.08
831.22
830.35
829.48
828.62
827.75
826.88
826.02
825.15
824.28
823.42
822.55
821.68
820.82
819.95
819.08
818.22
818.22
818.22
817.35
817.35
816.48
816.48
815.62
814.75
813.88
813.02
813.02
813.02
812.15
812.15
812.15
811.28
810.42
809.55
808.68
807.81
806.95
806.08
805.21
804.35
803.48
803.48
802.61
802.61
801.75
800.88
800.88
800.88
800.01
799.15
798.28
798.28
798.28
797.41
796.55
795.68
794.81
793.95
793.08
792.21
791.35
790.48
790.48
789.61
788.75
787.88
787.88
787.01
786.15
785.28
784.41
783.55
782.68
781.81
781.81
781.81
780.95
780.08
779.21
779.21
779.21
778.35
777.48
776.61
776.61
775.74
775.74
774.88
774.88
774.01
773.14
772.28
771.41
770.54
769.68
769.68
769.68
768.81
767.94
767.94
767.08
767.08
766.21
766.21
765.34
765.34
764.48
764.48
763.61
763.61
762.74
762.74
761.88
761.88
761.01
760.14
759.28
758.41
757.54
756.68
755.81
754.94
754.08
753.21
752.34
751.48
750.61
749.74
748.88
748.01
747.14
746.28
745.41
744.54
743.68
742.81
741.94
741.07
740.21
739.34
738.47
737.61
736.74
735.87
735.01
734.14
733.27
732.41
731.54
730.67
729.81
728.94
728.07
728.07
727.21
726.34
725.47
724.61
723.74
722.87
722.01
721.14
720.27
719.41
718.54
717.67
716.81
715.94
715.07
714.21
713.34
712.47
711.61
710.74
709.87
709.00
708.14
707.27
706.40
705.54
704.67
703.80
702.94
702.07
701.20
700.34
699.47
698.60
697.74
696.87
696.00
695.14
694.27
693.40
693.40
692.54
691.67
690.80
689.94
689.07
688.20
687.34
686.47
685.60
684.74
683.87
683.00
682.14
681.27
680.40
679.54
678.67
677.80
676.93
676.07
676.07
675.20
674.33
673.47
672.60
671.73
670.87
670.00
669.13
668.27
667.40
666.53
665.67
664.80
663.93
663.07
662.20
661.33
660.47
659.60
658.73
658.73
657.87
657.00
656.13
655.27
654.40
653.53
652.67
651.80
650.93
650.07
649.20
648.33
647.47
646.60
645.73
644.87
644.00
643.13
642.26
641.40
641.40
640.53
639.66
639.66
639.66
638.80
638.80
637.93
637.93
637.06
636.20
635.33
634.46
633.60
632.73
631.86
631.86
631.86
631.00
631.00
630.13
629.26
628.40
627.53
626.66
625.80
624.93
624.06
624.06
  0.00
  0.00
  0.00
  0.00
  0.00
  0.00
  0.00
  0.00
  0.00
  0.00
  0.00
  0.00
  0.00
  0.00
  0.00
  0.00
  0.00
  0.00
  0.00
  0.00
  0.00
  0.00
  0.00
  0.00
  0.00
  0.00
  0.00
  0.00
  0.00
  0.00
  0.00
  0.00
  0.00
  0.00
  0.00
  0.00
  0.00
  0.00
  0.00
  0.00
  0.00
  0.00
  0.00
  0.00
  0.00
  0.00
  0.00
  0.00
  0.00
  0.00
  0.00
  0.00
  0.00
  0.00
  0.00
  0.00
  0.00
  0.00
  0.00
  0.00
  0.00
  0.00
  0.00
  0.00
  0.00
  0.00
  0.00
  0.00
  0.00
  0.00
  0.00
  0.00
  0.00
  0.00
  0.00
  0.00
  0.00
  0.00
  0.00
  0.00
  0.00
  0.00
  0.00
  0.00
  0.00
  0.00
  0.00
  0.00
  0.00
  0.00
  0.00
  0.00
  0.00
  0.00
  0.00
  0.00
  0.00
  0.00
  0.00
  0.00
  0.00
  0.00
  0.00
  0.00
  0.00
  0.00
  0.00
  0.00
  0.00
  0.00
  0.00
  0.00
  0.00
  0.00
  0.00
  0.00
  0.00
  0.00
  0.00
  0.00
  0.00
  0.00
  0.00
  0.00
  0.00
  0.00
  0.00
  0.00
  0.00
  0.00
  0.00
  0.00
  0.00
  0.00
  0.00
  0.00
  0.00
  0.00
  0.00
  0.00
  0.00
  0.00
  0.00
  0.00
  0.00
  0.00
  0.00
  0.00
  0.00
  0.00
  0.00
  0.00
  0.00
  0.00
  0.00
  0.00
  0.00
  0.00
  0.00
  0.00
  0.00
  0.00
  0.00
  0.00
  0.00
  0.00
  0.00
  0.00
  0.00
  0.00
  0.00
  0.00
  0.00
  0.00
  0.00
  0.00
  0.00
  0.00
  0.00
  0.00
  0.00
  0.00
  0.00
  0.00
  0.00
  0.00
  0.00
  0.00
  0.00
  0.00
  0.00
  0.00
  0.00
  0.00
  0.00
  0.00
  0.00
  0.00
  0.00
  0.00
  0.00
  0.00
  0.00
  0.00
  0.00
  0.00
  0.00
  0.00
  0.00
  0.00
  0.00
  0.00
  0.00
  0.00
  0.00
  0.00
  0.00
  0.00
  0.00
  0.00
  0.00
  0.00
  0.00
  0.00
  0.00
  0.00
  0.00
  0.00
  0.00
  0.00
  0.00
  0.00
  0.00
  0.00
  0.00
  0.00
  0.00
  0.00
  0.00
  0.00
  0.00
  0.00
  0.00
  0.00
  0.00
  0.00
  0.00
  0.00
  0.00
  0.00
  0.00
  0.00
  0.00
  0.00
  0.00
  0.00
  0.00
  0.00
  0.00
  0.00
  0.00
  0.00
  0.00
  0.00
  0.00
  0.00
  0.00
  0.00
  0.00
  0.00
  0.00
  0.00
  0.00
  0.00
  0.00
  0.00
  0.00
  0.00
  0.00
  0.00
  0.00
  0.00
  0.00
  0.00
  0.00
  0.00
  0.00
  0.00
  0.00
  0.00
  0.00
  0.00
  0.00
  0.00
  0.00
  0.00
  0.00
  0.00
  0.00
  0.00
  0.00
  0.00
  0.00
  0.00
  0.00
  0.00
  0.00
  0.00
  0.00
  0.00
  0.00
  0.00
  0.00
  0.00
  0.00
  0.00
  0.00
  0.00
  0.00
  0.00
  0.00
  0.00
  0.00
  0.00
  0.00
  0.00
  0.00
  0.00
  0.00
  0.00
  0.00
  0.00
  0.00
  0.00
  0.00
  0.00
  0.00
  0.00
  0.00
  0.00
  0.00
  0.00
  0.00
  0.00
  0.00
  0.00
  0.00
  0.00
  0.00
  0.00
  0.00
  0.00
  0.00
  0.00
  0.00
  0.00
  0.00
  0.00
  0.00
  0.00
  0.00
  0.00
  0.00
  0.00
  0.00
  0.00
  0.00
  0.00
  0.00
  0.00
  0.00
  0.00
  0.00
  0.00
  0.00
  0.00
  0.00
  0.00
  0.00
  0.00
  0.00
  0.00
  0.00
  0.00
  0.00
  0.00
  0.00
  0.00
  0.00
  0.00
  0.00
  0.00
  0.00
  0.00
  0.00
  0.00
  0.00
  0.00
  0.00
  0.00
  0.00
  0.00
  0.00
  0.00
  0.00
  0.00
  0.00
  0.00
  0.00
  0.00
  0.00
  0.00
  0.00
  0.00
  0.00
  0.00
  0.00
  0.00
  0.00
  0.00
  0.00
  0.00
  0.00
  0.00
  0.00
  0.00
  0.00
  0.00
  0.00
  0.00
  0.00
  0.00
  0.00
  0.00
  0.00
  0.00
  0.00
  0.00
  0.00
  0.00
  0.00
  0.00
  0.00
  0.00
  0.00
  0.00
  0.00
  0.00
  0.00
  0.00
  0.00
  0.00
  0.00
  0.00
  0.00
  0.00
  0.00
  0.00
  0.00
  0.00
  0.00
  0.00
  0.00
  0.00
  0.00
  0.00
  0.00
  0.00
  0.00
  0.00
  0.00
  0.00
  0.00
  0.00
  0.00
  0.00
  0.00
  0.00
  0.00
  0.00
  0.00
  0.00
  0.00
  0.00
  0.00
  0.00
  0.00
  0.00
  0.00
  0.00
  0.00
  0.00
  0.00
  0.00
  0.00
  0.00
  0.00
  0.00
  0.00
  0.00
  0.00
  0.00
  0.00
  0.00
  0.00
  0.00
  0.00
  0.00
  0.00
  0.00
  0.00
  0.00
  0.00
  0.00
  0.00
  0.00
  0.00
  0.00
  0.00
  0.00
  0.00
  0.00
  0.00
  0.00
  0.00
  0.00
  0.00
  0.00
  0.00
  0.00
  0.00
  0.00
  0.00
  0.00
  0.00
  0.00
  0.00
  0.00
  0.00
  0.00
  0.00
  0.00
  0.00
  0.00
  0.00
  0.00
  0.00
  0.00
  0.00
  0.00
  0.00
  0.00
  0.00
  0.00
  0.00
  0.00
  0.00
  0.00
  0.00
  0.00
  0.00
  0.00
  0.00
  0.00
  0.00
  0.00
  0.00
  0.00
  0.00
  0.00
  0.00
  0.00
  0.00
  0.00
  0.00
  0.00
  0.00
  0.00
  0.00
  0.00
  0.00
  0.00
  0.00
  0.00
  0.00
  0.00
  0.00
  0.00
  0.00
  0.00
  0.00
  0.00
  0.00
  0.00
  0.00
  0.00
  0.00
  0.00
  0.00
  0.00
  0.00
  0.00
  0.00
  0.00
  0.00
  0.00
  0.00
  0.00
  0.00
  0.00
  0.00
  0.00
  0.00
  0.00
  0.00
  0.00
  0.00
  0.00
  0.00
  0.00
  0.00
  0.00
  0.00
  0.00
  0.00
  0.00
  0.00
  0.00
  0.00
  0.00
  0.00
  0.00
  0.00
  0.00
  0.00
  0.00
  0.00
  0.00
  0.00
  0.00
  0.00
  0.00
  0.00
  0.00
  0.00
  0.00
  0.00
  0.00
  0.00
  0.00
  0.00
  0.00
  0.00
  0.00
  0.00
  0.00
  0.00
  0.00
  0.00
  0.00
  0.00
  0.00
  0.00
  0.00
  0.00
  0.00
  0.00
  0.00
  0.00
  0.00
  0.00
  0.00
  0.00
  0.00
  0.00
  0.00
  0.00
  0.00
  0.00
  0.00
  0.00
  0.00
  0.00
  0.00
  0.00
  0.00
  0.00
  0.00
  0.00
  0.00
  0.00
  0.00
  0.00
  0.00
  0.00
  0.00
  0.00
  0.00
  0.00
  0.00
  0.00
  0.00
  0.00
  0.00
  0.00
  0.00
  0.00
  0.00
  0.00
  0.00
  0.00
  0.00
  0.00
  0.00
  0.00
  0.00
  0.00
  0.00
  0.00
  0.00
  0.00
  0.00
  0.00
  0.00
  0.00
  0.00
  0.00
  0.00
  0.00
  0.00
  0.00
  0.00
  0.00
  0.00
  0.00
  0.00
  0.00
  0.00
  0.00
  0.00
  0.00
  0.00
  0.00
  0.00
  0.00
  0.00
  0.00
  0.00
  0.00
  0.00
  0.00
  0.00
  0.00
  0.00
  0.00
  0.00
  0.00
  0.00
  0.00
  0.00
  0.00
  0.00
  0.00
  0.00
  0.00
  0.00
  0.00
  0.00
  0.00
  0.00
  0.00
  0.00
  0.00
  0.00
  0.00
  0.00
  0.00
  0.00
  0.00
  0.00
  0.00
  0.00
  0.00
  0.00
  0.00
  0.00
  0.00
  0.00
  0.00
  0.00
  0.00
  0.00
  0.00
  0.00
  0.00
  0.00
  0.00
  0.00
  0.00
  0.00
  0.00
  0.00
  0.00
  0.00
  0.00
  0.00
  0.00
  0.00
  0.00
  0.00
  0.00
  0.00
  0.00
  0.00
  0.00
  0.00
  0.00
  0.00
  0.00
  0.00
  0.00
  0.00
  0.00
  0.00
  0.00
  0.00
  0.00
  0.00
  0.00
  0.00
  0.00
  0.00
  0.00
  0.00
  0.00
  0.00
  0.00
  0.00
  0.00
  0.00
  0.00
  0.00
  0.00
  0.00
  0.00
  0.00
  0.00
  0.00
  0.00
  0.00
  0.00
  0.00
  0.00
  0.00
  0.00
  0.00
  0.00
  0.00
  0.00
  0.00
1247.26
1247.26
1247.26
1246.39
1246.39
1245.53
1245.53
1244.66
1243.79
1242.93
1242.06
1241.19
1240.33
1239.46
1238.59
1237.72
1236.86
1235.99
1235.12
1234.26
1233.39
1232.52
1231.66
1230.79
1229.92
1229.06
1228.19
1227.32
1226.46
1225.59
1224.72
1223.86
1222.99
1222.12
1221.26
1220.39
1219.52
1218.66
1217.79
1216.92
1216.06
1215.19
1214.32
1213.46
1213.46
1212.59
1211.72
1210.86
1209.99
1209.12
1208.26
1207.39
1206.52
1205.65
1204.79
1203.92
1203.05
1202.19
1201.32
1200.45
1199.59
1198.72
1197.85
1196.99
1196.12
1195.25
1194.39
1193.52
1192.65
1191.79
1190.92
1190.05
1189.19
1188.32
1187.45
1186.59
1185.72
1184.85
1183.99
1183.12
1182.25
1181.39
1180.52
1179.65
1178.79
1177.92
1177.05
1176.19
1175.32
1174.45
1173.59
1172.72
1171.85
1170.98
1170.12
1169.25
1168.38
1167.52
1166.65
1165.78
1164.92
1164.05
1163.18
1162.32
1161.45
1160.58
1159.72
1158.85
1157.98
1157.12
1156.25
1155.38
1154.52
1153.65
1152.78
1151.92
1151.05
1150.18
1149.32
1148.45
1147.58
1146.72
1145.85
1144.98
1144.12
1144.12
1143.25
1143.25
1142.38
1141.52
1140.65
1139.78
1138.91
1138.05
1137.18
1136.31
1135.45
1134.58
1133.71
1132.85
1131.98
1131.11
1130.25
1129.38
1128.51
1127.65
1126.78
1126.78
1125.91
1125.05
1124.18
1123.31
1122.45
1121.58
1120.71
1119.85
1119.85
1118.98
1118.11
1117.25
1116.38
1115.51
1114.65
1113.78
1112.91
1112.05
1111.18
1110.31
1109.45
1109.45
1108.58
1108.58
1107.71
1106.85
1105.98
1105.11
1104.24
1103.38
1102.51
1101.64
1100.78
1099.91
1099.04
1098.18
1097.31
1096.44
1095.58
1094.71
1093.84
1092.98
1092.11
1092.11
1091.24
1090.38
1089.51
1088.64
1087.78
1086.91
1086.04
1085.18
1084.31
1084.31
1083.44
1082.58
1081.71
1080.84
1079.98
1079.11
1078.24
1077.38
1077.38
1076.51
1075.64
1074.78
1074.78
1073.91
1073.91
1073.04
1073.04
1072.17
1071.31
1071.31
1070.44
1070.44
1069.57
1068.71
1067.84
1066.97
1066.11
1065.24
1064.37
1063.51
1062.64
1061.77
1060.91
1060.91
1060.04
1059.17
1058.31
1057.44
1056.57
1055.71
1054.84
1053.97
1053.11
1052.24
1051.37
1050.51
1049.64
1048.77
1047.91
1047.04
1046.17
1045.31
1044.44
1043.57
1042.71
1041.84
1040.97
1040.10
1039.24
1038.37
1037.50
1036.64
1035.77
1034.90
1034.04
1033.17
1032.30
1031.44
1030.57
1029.70
1028.84
1027.97
1027.10
1026.24
1025.37
1024.50
1023.64
1022.77
1021.90
1021.04
1020.17
1019.30
1018.44
1017.57
1016.70
1015.84
1014.97
1014.10
1013.24
1012.37
1011.50
1010.64
1009.77
1008.90
1008.04
1007.17
1006.30
1005.43
1004.57
1003.70
1002.83
1001.97
1001.10
1000.23
999.37
998.50
997.63
996.77
995.90
995.03
994.17
993.30
992.43
991.57
990.70
989.83
988.97
988.10
987.23
986.37
985.50
984.63
983.77
982.90
982.03
981.17
980.30
979.43
978.57
977.70
976.83
975.97
975.10
974.23
973.36
972.50
971.63
970.76
969.90
969.03
968.16
967.30
966.43
965.56
964.70
963.83
962.96
962.10
961.23
960.36
959.50
958.63
957.76
956.90
956.03
955.16
954.30
953.43
952.56
951.70
950.83
949.96
949.10
948.23
947.36
946.50
945.63
944.76
943.90
943.03
942.16
941.29
940.43
939.56
938.69
938.69
938.69
937.83
936.96
936.09
935.23
934.36
933.49
932.63
932.63
932.63
931.76
930.89
930.03
929.16
928.29
927.43
926.56
926.56
925.69
924.83
923.96
923.09
922.23
921.36
920.49
919.63
918.76
918.76
918.76
917.89
917.03
916.16
915.29
914.43
913.56
912.69
911.83
910.96
910.09
909.23
908.36
907.49
907.49
906.62
906.62
905.76
905.76
904.89
904.89
904.02
904.02
903.16
903.16
902.29
902.29
901.42
901.42
900.56
900.56
899.69
899.69
898.82
898.82
897.96
897.96
897.09
897.09
896.22
896.22
895.36
895.36
894.49
894.49
893.62
893.62
892.76
891.89
891.02
891.02
890.16
889.29
888.42
887.56
886.69
886.69
885.82
884.96
884.09
883.22
882.36
881.49
880.62
879.76
878.89
878.02
877.16
876.29
875.42
874.55
873.69
872.82
871.95
871.09
870.22
869.35
868.49
867.62
866.75
865.89
865.02
864.15
863.29
862.42
861.55
860.69
859.82
858.95
858.09
857.22
856.35
855.49
854.62
853.75
852.89
852.02
851.15
850.29
849.42
848.55
847.69
846.82
845.95
845.09
844.22
843.35
842.49
841.62
840.75
839.88
839.02
838.15
837.28
836.42
835.55
834.68
833.82
832.95
832.08
831.22
830.35
829.48
828.62
827.75
826.88
826.02
825.15
824.28
823.42
822.55
821.68
820.82
819.95
819.08
818.22
818.22
818.22
817.35
817.35
816.48
816.48
815.62
814.75
813.88
813.02
812.15
812.15
812.15
811.28
810.42
809.55
808.68
807.81
807.81
807.81
806.95
806.08
805.21
804.35
804.35
803.48
803.48
802.61
802.61
801.75
801.75
801.75
800.88
800.01
799.15
798.28
797.41
796.55
796.55
796.55
795.68
794.81
794.81
793.95
793.95
793.08
792.21
791.35
790.48
790.48
789.61
788.75
787.88
787.01
786.15
785.28
784.41
783.55
782.68
781.81
780.95
780.95
780.95
780.08
779.21
779.21
779.21
778.35
777.48
776.61
776.61
775.74
775.74
774.88
774.88
774.01
773.14
772.28
771.41
770.54
769.68
768.81
768.81
768.81
767.94
767.94
767.08
767.08
766.21
766.21
765.34
765.34
764.48
764.48
763.61
763.61
762.74
762.74
761.88
761.01
760.14
759.28
758.41
757.54
756.68
755.81
754.94
754.08
753.21
752.34
751.48
750.61
749.74
748.88
748.01
747.14
746.28
745.41
744.54
743.68
742.81
741.94
741.07
740.21
739.34
738.47
737.61
736.74
735.87
735.01
734.14
733.27
732.41
731.54
730.67
729.81
728.94
728.07
728.07
727.21
726.34
725.47
724.61
723.74
722.87
722.01
721.14
720.27
719.41
718.54
717.67
716.81
715.94
715.07
714.21
713.34
712.47
711.61
710.74
709.87
709.00
708.14
707.27
706.40
705.54
704.67
703.80
702.94
702.07
701.20
700.34
699.47
698.60
697.74
696.87
696.00
695.14
694.27
693.40
693.40
692.54
691.67
690.80
689.94
689.07
688.20
687.34
686.47
685.60
684.74
683.87
683.00
682.14
681.27
680.40
679.54
678.67
677.80
676.93
676.07
676.07
675.20
674.33
673.47
672.60
671.73
670.87
670.00
669.13
668.27
667.40
666.53
665.67
664.80
663.93
663.07
662.20
661.33
660.47
659.60
658.73
658.73
657.87
657.00
656.13
655.27
654.40
653.53
652.67
651.80
650.93
650.07
649.20
648.33
647.47
646.60
645.73
644.87
644.00
643.13
642.26
641.40
641.40
640.53
639.66
638.80
637.93
637.06
636.20
635.33
634.46
633.60
632.73
631.86
631.00
630.13
629.26
628.40
627.53
626.66
625.80
624.93
624.06
624.06
  0.00
  0.00
  0.00
  0.00
  0.00
  0.00
  0.00
  0.00
  0.00
  0.00
  0.00
  0.00
  0.00
  0.00
  0.00
  0.00
  0.00
  0.00
  0.00
  0.00
  0.00
  0.00
  0.00
  0.00
  0.00
  0.00
  0.00
  0.00
  0.00
  0.00
  0.00
  0.00
  0.00
  0.00
  0.00
  0.00
  0.00
  0.00
  0.00
  0.00
  0.00
  0.00
  0.00
  0.00
  0.00
  0.00
  0.00
  0.00
  0.00
  0.00
  0.00
  0.00
  0.00
  0.00
  0.00
  0.00
  0.00
  0.00
  0.00
  0.00
  0.00
  0.00
  0.00
  0.00
  0.00
  0.00
  0.00
  0.00
  0.00
  0.00
  0.00
  0.00
  0.00
  0.00
  0.00
  0.00
  0.00
  0.00
  0.00
  0.00
  0.00
  0.00
  0.00
  0.00
  0.00
  0.00
  0.00
  0.00
  0.00
  0.00
  0.00
  0.00
  0.00
  0.00
  0.00
  0.00
  0.00
  0.00
  0.00
  0.00
  0.00
  0.00
  0.00
  0.00
  0.00
  0.00
  0.00
  0.00
  0.00
  0.00
  0.00
  0.00
  0.00
  0.00
  0.00
  0.00
  0.00
  0.00
  0.00
  0.00
  0.00
  0.00
  0.00
  0.00
  0.00
  0.00
  0.00
  0.00
  0.00
  0.00
  0.00
  0.00
  0.00
  0.00
  0.00
  0.00
  0.00
  0.00
  0.00
  0.00
  0.00
  0.00
  0.00
  0.00
  0.00
  0.00
  0.00
  0.00
  0.00
  0.00
  0.00
  0.00
  0.00
  0.00
  0.00
  0.00
  0.00
  0.00
  0.00
  0.00
  0.00
  0.00
  0.00
  0.00
  0.00
  0.00
  0.00
  0.00
  0.00
  0.00
  0.00
  0.00
  0.00
  0.00
  0.00
  0.00
  0.00
  0.00
  0.00
  0.00
  0.00
  0.00
  0.00
  0.00
  0.00
  0.00
  0.00
  0.00
  0.00
  0.00
  0.00
  0.00
  0.00
  0.00
  0.00
  0.00
  0.00
  0.00
  0.00
  0.00
  0.00
  0.00
  0.00
  0.00
  0.00
  0.00
  0.00
  0.00
  0.00
  0.00
  0.00
  0.00
  0.00
  0.00
  0.00
  0.00
  0.00
  0.00
  0.00
  0.00
  0.00
  0.00
  0.00
  0.00
  0.00
  0.00
  0.00
  0.00
  0.00
  0.00
  0.00
  0.00
  0.00
  0.00
  0.00
  0.00
  0.00
  0.00
  0.00
  0.00
  0.00
  0.00
  0.00
  0.00
  0.00
  0.00
  0.00
  0.00
  0.00
  0.00
  0.00
  0.00
  0.00
  0.00
  0.00
  0.00
  0.00
  0.00
  0.00
  0.00
  0.00
  0.00
  0.00
  0.00
  0.00
  0.00
  0.00
  0.00
  0.00
  0.00
  0.00
  0.00
  0.00
  0.00
  0.00
  0.00
  0.00
  0.00
  0.00
  0.00
  0.00
  0.00
  0.00
  0.00
  0.00
  0.00
  0.00
  0.00
  0.00
  0.00
  0.00
  0.00
  0.00
  0.00
  0.00
  0.00
  0.00
  0.00
  0.00
  0.00
  0.00
  0.00
  0.00
  0.00
  0.00
  0.00
  0.00
  0.00
  0.00
  0.00
  0.00
  0.00
  0.00
  0.00
  0.00
  0.00
  0.00
  0.00
  0.00
  0.00
  0.00
  0.00
  0.00
  0.00
  0.00
  0.00
  0.00
  0.00
  0.00
  0.00
  0.00
  0.00
  0.00
  0.00
  0.00
  0.00
  0.00
  0.00
  0.00
  0.00
  0.00
  0.00
  0.00
  0.00
  0.00
  0.00
  0.00
  0.00
  0.00
  0.00
  0.00
  0.00
  0.00
  0.00
  0.00
  0.00
  0.00
  0.00
  0.00
  0.00
  0.00
  0.00
  0.00
  0.00
  0.00
  0.00
  0.00
  0.00
  0.00
  0.00
  0.00
  0.00
  0.00
  0.00
  0.00
  0.00
  0.00
  0.00
  0.00
  0.00
  0.00
  0.00
  0.00
  0.00
  0.00
  0.00
  0.00
  0.00
  0.00
  0.00
  0.00
  0.00
  0.00
  0.00
  0.00
  0.00
  0.00
  0.00
  0.00
  0.00
  0.00
  0.00
  0.00
  0.00
  0.00
  0.00
  0.00
  0.00
  0.00
  0.00
  0.00
  0.00
  0.00
  0.00
  0.00
  0.00
  0.00
  0.00
  0.00
  0.00
  0.00
  0.00
  0.00
  0.00
  0.00
  0.00
  0.00
  0.00
  0.00
  0.00
  0.00
  0.00
  0.00
  0.00
  0.00
  0.00
  0.00
  0.00
  0.00
  0.00
  0.00
  0.00
  0.00
  0.00
  0.00
  0.00
  0.00
  0.00
  0.00
  0.00
  0.00
  0.00
  0.00
  0.00
  0.00
  0.00
  0.00
  0.00
  0.00
  0.00
  0.00
  0.00
  0.00
  0.00
  0.00
  0.00
  0.00
  0.00
  0.00
  0.00
  0.00
  0.00
  0.00
  0.00
  0.00
  0.00
  0.00
  0.00
  0.00
  0.00
  0.00
  0.00
  0.00
  0.00
  0.00
  0.00
  0.00
  0.00
  0.00
  0.00
  0.00
  0.00
  0.00
  0.00
  0.00
  0.00
  0.00
  0.00
  0.00
  0.00
  0.00
  0.00
  0.00
  0.00
  0.00
  0.00
  0.00
  0.00
  0.00
  0.00
  0.00
  0.00
  0.00
  0.00
  0.00
  0.00
  0.00
  0.00
  0.00
  0.00
  0.00
  0.00
  0.00
  0.00
  0.00
  0.00
  0.00
  0.00
  0.00
  0.00
  0.00
  0.00
  0.00
  0.00
  0.00
  0.00
  0.00
  0.00
  0.00
  0.00
  0.00
  0.00
  0.00
  0.00
  0.00
  0.00
  0.00
  0.00
  0.00
  0.00
  0.00
  0.00
  0.00
  0.00
  0.00
  0.00
  0.00
  0.00
  0.00
  0.00
  0.00
  0.00
  0.00
  0.00
  0.00
  0.00
  0.00
  0.00
  0.00
  0.00
  0.00
  0.00
  0.00
  0.00
  0.00
  0.00
  0.00
  0.00
  0.00
  0.00
  0.00
  0.00
  0.00
  0.00
  0.00
  0.00
  0.00
  0.00
  0.00
  0.00
  0.00
  0.00
  0.00
  0.00
  0.00
  0.00
  0.00
  0.00
  0.00
  0.00
  0.00
  0.00
  0.00
  0.00
  0.00
  0.00
  0.00
  0.00
  0.00
  0.00
  0.00
  0.00
  0.00
  0.00
  0.00
  0.00
  0.00
  0.00
  0.00
  0.00
  0.00
  0.00
  0.00
  0.00
  0.00
  0.00
  0.00
  0.00
  0.00
  0.00
  0.00
  0.00
  0.00
  0.00
  0.00
  0.00
  0.00
  0.00
  0.00
  0.00
  0.00
  0.00
  0.00
  0.00
  0.00
  0.00
  0.00
  0.00
  0.00
  0.00
  0.00
  0.00
  0.00
  0.00
  0.00
  0.00
  0.00
  0.00
  0.00
  0.00
  0.00
  0.00
  0.00
  0.00
  0.00
  0.00
  0.00
  0.00
  0.00
  0.00
  0.00
  0.00
  0.00
  0.00
  0.00
  0.00
  0.00
  0.00
  0.00
  0.00
  0.00
  0.00
  0.00
  0.00
  0.00
  0.00
  0.00
  0.00
  0.00
  0.00
  0.00
  0.00
  0.00
  0.00
  0.00
  0.00
  0.00
  0.00
  0.00
  0.00
  0.00
  0.00
  0.00
  0.00
  0.00
  0.00
  0.00
  0.00
  0.00
  0.00
  0.00
  0.00
  0.00
  0.00
  0.00
  0.00
  0.00
  0.00
  0.00
  0.00
  0.00
  0.00
  0.00
  0.00
  0.00
  0.00
  0.00
  0.00
  0.00
  0.00
  0.00
  0.00
  0.00
  0.00
  0.00
  0.00
  0.00
  0.00
  0.00
  0.00
  0.00
  0.00
  0.00
  0.00
  0.00
  0.00
  0.00
  0.00
  0.00
  0.00
  0.00
  0.00
  0.00
  0.00
  0.00
  0.00
  0.00
  0.00
  0.00
  0.00
  0.00
  0.00
  0.00
  0.00
  0.00
  0.00
  0.00
  0.00
  0.00
  0.00
  0.00
  0.00
  0.00
  0.00
  0.00
  0.00
  0.00
  0.00
  0.00
  0.00
  0.00
  0.00
  0.00
  0.00
  0.00
  0.00
  0.00
  0.00
  0.00
  0.00
  0.00
  0.00
  0.00
  0.00
  0.00
  0.00
  0.00
  0.00
  0.00
  0.00
  0.00
  0.00
  0.00
  0.00
  0.00
  0.00
  0.00
  0.00
  0.00
  0.00
  0.00
  0.00
  0.00
  0.00
  0.00
  0.00
  0.00
  0.00
  0.00
  0.00
  0.00
  0.00
  0.00
  0.00
  0.00
  0.00
  0.00
  0.00
  0.00
  0.00
  0.00
  0.00
  0.00
  0.00
  0.00
  0.00
  0.00
  0.00
  0.00
  0.00
  0.00
  0.00
  0.00
  0.00
  0.00
  0.00
  0.00
  0.00
  0.00
  0.00
  0.00
  0.00
  0.00
  0.00
  0.00
  0.00
